[
  [
    17.5750017,
    48.170478900000006
  ],
  [
    17.5756,
    48.17066000000003
  ],
  [
    17.5756031,
    48.17066139999997
  ],
  [
    17.57573,
    48.17054999999999
  ],
  [
    17.57578,
    48.170500000000004
  ],
  [
    17.57589,
    48.170349999999985
  ],
  [
    17.57601,
    48.17014
  ],
  [
    17.57609,
    48.17003999999997
  ],
  [
    17.5762,
    48.16995
  ],
  [
    17.5762034,
    48.169954399999995
  ],
  [
    17.57621,
    48.16983999999999
  ],
  [
    17.57624,
    48.169749999999965
  ],
  [
    17.57626,
    48.169719999999955
  ],
  [
    17.57629,
    48.16969
  ],
  [
    17.57635,
    48.16964999999999
  ],
  [
    17.57643,
    48.16960999999998
  ],
  [
    17.57658,
    48.16951
  ],
  [
    17.577,
    48.169269999999955
  ],
  [
    17.5771,
    48.169190000000015
  ],
  [
    17.57716,
    48.169129999999996
  ],
  [
    17.57723,
    48.169040000000024
  ],
  [
    17.57727,
    48.16893999999999
  ],
  [
    17.57729,
    48.16884999999999
  ],
  [
    17.57733,
    48.168710000000004
  ],
  [
    17.57734,
    48.16863000000001
  ],
  [
    17.57733,
    48.16847999999999
  ],
  [
    17.57731,
    48.16834
  ],
  [
    17.57724,
    48.16809000000001
  ],
  [
    17.57719,
    48.167959999999994
  ],
  [
    17.57716,
    48.16783000000001
  ],
  [
    17.57714,
    48.16773999999998
  ],
  [
    17.57713,
    48.16767999999999
  ],
  [
    17.57713,
    48.16762
  ],
  [
    17.57714,
    48.16756000000001
  ],
  [
    17.57715,
    48.16748999999999
  ],
  [
    17.57719,
    48.16739000000001
  ],
  [
    17.57721,
    48.16732999999999
  ],
  [
    17.57724,
    48.16727999999998
  ],
  [
    17.5773,
    48.16718
  ],
  [
    17.57746,
    48.166949999999986
  ],
  [
    17.57765,
    48.16667000000001
  ],
  [
    17.578,
    48.166139999999984
  ],
  [
    17.57802,
    48.16611
  ],
  [
    17.578,
    48.16604000000001
  ],
  [
    17.57799,
    48.166000000000025
  ],
  [
    17.57798,
    48.165970000000016
  ],
  [
    17.57797,
    48.165959999999984
  ],
  [
    17.57796,
    48.16595000000001
  ],
  [
    17.57794,
    48.16593
  ],
  [
    17.57789,
    48.16589999999999
  ],
  [
    17.57785,
    48.165869999999984
  ],
  [
    17.5778,
    48.165850000000006
  ],
  [
    17.57776,
    48.16583
  ],
  [
    17.57756,
    48.165760000000006
  ],
  [
    17.57732,
    48.165729999999996
  ],
  [
    17.57705,
    48.165689999999984
  ],
  [
    17.5770499,
    48.165692699999994
  ]
]